983956225	0	-275.03	-217.25
-633570063	0	-67.03	-221.75
-1026285539	0	-767.86	1,224.15
983956225	29	-275.00	-216.99
-633570063	29	-67.01	-221.56
-1026285539	30	-768.19	1,207.74
983956225	59	-274.84	-216.68
-633570063	59	-66.90	-221.33
-1026285539	60	-768.78	1,178.31
983956225	89	-274.66	-216.33
-633570063	89	-66.71	-220.91
-1026285539	91	-769.40	1,147.48
983956225	119	-274.56	-215.68
-633570063	119	-66.51	-220.54
-1026285539	122	-769.95	1,119.92
983956225	150	-276.27	-191.20
-633570063	150	-66.38	-220.16
-1026285539	151	-770.54	1,090.53
983956225	179	-275.32	-172.97
-633570063	179	-66.31	-219.88
-1026285539	181	-771.20	1,057.52
983956225	209	-263.56	-143.87
-633570063	209	-66.17	-219.44
-1026285539	211	-771.76	1,029.77
983956225	239	-248.91	-109.35
-633570063	239	-66.13	-219.11
-1026285539	240	-772.40	997.88
983956225	270	-236.08	-74.11
-633570063	270	-66.07	-218.63
-1026285539	271	-773.02	967.06
983956225	300	-220.23	-40.12
-633570063	300	-65.86	-218.02
-1026285539	301	-773.58	938.92
983956225	329	-217.62	-2.71
-633570063	329	-62.05	-181.84
-1026285539	330	-774.21	907.75
983956225	359	-222.19	34.51
-633570063	359	-54.26	-145.16
-1026285539	360	-774.79	878.61
983956225	389	-242.06	66.31
-633570063	389	-42.05	-109.70
-1026285539	391	-775.42	847.61
983956225	419	-264.63	96.26
-633570063	419	-21.08	-78.61
-1026285539	421	-775.99	819.23
983956225	450	-289.72	124.13
-633570063	450	-1.77	-46.47
-1026285539	450	-780.56	788.97
983956225	479	-305.38	134.29
-633570063	479	8.89	-31.24
-1026285539	481	-781.65	759.85
983956225	509	-337.88	148.09
-633570063	509	16.93	-14.76
-1026285539	511	-782.01	731.86
983956225	540	-355.02	158.93
-633570063	540	29.14	20.70
-1026285539	540	-782.44	699.13
983956225	569	-364.31	184.66
-633570063	569	44.40	54.96
-1026285539	571	-782.79	671.46
983956225	600	-367.14	192.52
-633570063	600	53.47	91.34
-1026285539	601	-783.20	640.46
983956225	629	-367.14	192.52
-633570063	629	69.91	125.05
-1026285539	631	-783.59	610.28
983956225	659	-367.14	192.52
-633570063	659	82.84	155.51
-1026285539	661	-784.01	577.90
983956225	689	-367.14	192.52
-633570063	689	79.24	174.96
-1026285539	691	-784.40	547.77
983956225	719	-367.14	192.52
-633570063	719	76.30	190.91
-1026285539	721	-784.75	520.07
983956225	750	-367.14	192.52
-633570063	750	76.30	190.91
-1026285539	750	-785.16	488.96
983956225	779	-367.14	192.52
-633570063	779	76.30	190.91
-1026285539	781	-785.53	459.95
983956225	809	-367.14	192.52
-633570063	809	76.30	190.91
-1026285539	811	-785.90	431.35
983956225	839	-367.14	192.52
-633570063	839	76.30	190.91
-1026285539	841	-786.34	397.98
983956225	869	-367.14	192.52
-633570063	869	76.30	190.91
-1026285539	871	-786.72	367.97
983956225	900	-367.14	192.52
-633570063	900	76.30	190.91
-1026285539	901	-787.07	341.59
983956225	930	-367.14	192.52
-633570063	930	76.30	190.91
-1026285539	931	-787.46	311.09
983956225	959	-367.14	192.52
-633570063	959	76.30	190.91
-1026285539	961	-787.86	280.24
983956225	989	-367.14	192.52
-633570063	989	76.30	190.91
-1026285539	992	-788.25	249.76
983956225	1019	-367.14	192.52
-633570063	1019	76.30	190.91
-1026285539	1020	-788.65	219.23
983956225	1050	-376.18	200.67
-633570063	1050	76.30	190.91
-1026285539	1051	-789.05	188.67
983956225	1080	-398.19	221.68
-633570063	1080	76.30	190.91
-1026285539	1081	-789.41	160.87
983956225	1109	-414.10	247.95
-633570063	1109	76.30	190.91
-1026285539	1111	-789.63	143.93
983956225	1139	-425.46	275.85
-633570063	1139	76.67	191.30
-1026285539	1142	-789.76	133.35
983956225	1169	-433.13	304.86
-633570063	1169	89.73	205.06
-1026285539	1171	-789.78	132.22
983956225	1200	-440.13	331.44
-633570063	1200	101.58	217.35
-1026285539	1201	-789.78	132.22
983956225	1230	-445.57	352.15
-633570063	1230	111.28	228.06
-1026285539	1230	-789.78	132.22
983956225	1259	-462.04	374.82
-633570063	1259	120.02	237.44
-1026285539	1260	-789.78	132.22
983956225	1289	-474.73	394.37
-633570063	1289	128.66	261.08
-1026285539	1290	-789.78	132.22
983956225	1319	-486.32	430.04
-633570063	1319	137.09	291.43
-1026285539	1321	-789.78	132.22
983956225	1350	-481.87	466.30
-633570063	1350	145.40	321.30
-1026285539	1351	-789.78	132.22
983956225	1379	-478.60	503.66
-633570063	1379	152.06	344.94
-1026285539	1381	-789.78	132.22
983956225	1409	-465.77	538.90
-633570063	1409	174.62	374.89
-1026285539	1411	-789.78	132.22
-633570063	1439	200.67	401.86
-1026285539	1441	-789.78	132.22
-633570063	1469	219.42	434.34
-1026285539	1471	-789.78	132.22
-633570063	1500	220.10	442.08
-1026285539	1501	-789.78	132.22
-633570063	1529	218.45	449.22
-1026285539	1531	-789.78	132.22
-633570063	1559	210.78	477.84
-1026285539	1561	-789.78	132.22
-633570063	1589	208.56	498.99
-1026285539	1591	-789.78	132.22
-633570063	1619	208.20	509.41
-1026285539	1620	-789.78	132.22
-633570063	1650	207.28	522.57
-1026285539	1650	-789.78	132.22
-633570063	1679	207.37	523.16
-1026285539	1681	-789.78	132.22
-633570063	1710	207.51	523.87
-1026285539	1710	-789.78	132.22
-633570063	1739	207.69	524.50
-1026285539	1741	-789.78	132.22
-633570063	1769	213.80	549.02
-1026285539	1771	-789.78	132.22
-633570063	1800	209.49	584.16
-1026285539	1801	-789.78	132.22
-633570063	1829	193.64	618.14
-1026285539	1830	-789.78	132.22
-1026285539	1861	-789.78	132.22
-1026285539	1892	-789.78	132.22
-1026285539	1921	-789.78	132.22
-1026285539	1952	-789.78	132.22
-1026285539	1981	-789.78	132.22
-1026285539	2011	-789.78	132.22
-1026285539	2042	-789.78	132.22
-1026285539	2071	-789.78	132.22
-1026285539	2100	-789.78	132.22
-1026285539	2131	-789.78	132.22
-1026285539	2160	-789.78	132.22
-1026285539	2192	-789.78	132.22
-1026285539	2221	-789.78	132.22
-1026285539	2250	-789.78	132.22
-1026285539	2280	-789.78	132.22
-1026285539	2311	-789.78	132.22
-1026285539	2342	-789.78	132.22
-1026285539	2371	-789.78	132.22
-1026285539	2400	-789.78	132.22
-1026285539	2431	-789.78	132.22
983956225	2460	-463.27	543.23
-1026285539	2460	-789.78	132.22
983956225	2489	-447.43	577.22
-1026285539	2491	-789.78	132.22
983956225	2519	-431.58	611.20
-1026285539	2520	-789.78	132.22
983956225	2550	-415.73	645.19
-1026285539	2551	-789.78	132.22
983956225	2579	-393.16	675.14
-1026285539	2580	-789.78	132.22
983956225	2609	-369.56	704.28
-1026285539	2611	-789.78	132.22
983956225	2639	-350.25	736.43
-1026285539	2642	-789.78	132.22
983956225	2669	-328.21	766.76
-1026285539	2671	-789.78	132.22
983956225	2700	-303.11	794.63
-1026285539	2701	-789.78	132.22
983956225	2729	-280.55	824.58
-1026285539	2731	-789.78	132.22
983956225	2759	-268.45	846.41
-1026285539	2760	-789.78	132.22
983956225	2789	-258.82	866.58
-1026285539	2792	-789.78	132.22
983956225	2819	-250.16	892.86
-1026285539	2821	-789.78	132.22
983956225	2850	-240.67	921.64
-1026285539	2851	-789.78	132.22
983956225	2879	-231.13	950.58
-1026285539	2881	-789.78	132.22
983956225	2909	-221.62	979.40
-1026285539	2911	-789.78	132.22
983956225	2939	-212.11	1,008.26
-1026285539	2942	-789.78	132.22
983956225	2969	-203.57	1,034.14
-1026285539	2970	-789.78	132.22
983956225	3000	-194.10	1,062.88
-1026285539	3000	-789.78	132.22
983956225	3029	-187.11	1,084.06
-1026285539	3031	-789.78	132.22
983956225	3059	-187.11	1,084.06
-1026285539	3061	-789.78	132.22
983956225	3089	-187.11	1,084.06
-1026285539	3091	-789.78	132.22
983956225	3119	-187.11	1,084.06
-1026285539	3121	-789.78	132.22
983956225	3150	-187.11	1,084.06
-1026285539	3151	-789.78	132.22
983956225	3179	-187.11	1,084.06
-1026285539	3181	-789.78	132.22
983956225	3209	-187.11	1,084.06
-1026285539	3211	-789.78	132.22
983956225	3239	-187.11	1,084.06
-1026285539	3241	-789.78	132.22
983956225	3270	-187.11	1,084.06
-1026285539	3271	-789.78	132.22
983956225	3300	-187.11	1,084.06
-1026285539	3302	-789.78	132.22
983956225	3329	-187.11	1,084.06
-1026285539	3331	-789.78	132.22
983956225	3359	-187.11	1,084.06
-1026285539	3361	-789.78	132.22
983956225	3389	-187.11	1,084.06
-633570063	3389	192.70	619.23
-1026285539	3391	-789.78	132.22
983956225	3420	-187.11	1,084.06
-633570063	3420	164.83	644.32
-1026285539	3421	-789.78	132.22
983956225	3450	-185.97	1,075.99
-633570063	3450	136.53	668.92
-1026285539	3451	-789.78	132.22
983956225	3479	-179.42	1,058.27
-633570063	3479	121.92	682.54
-1026285539	3481	-789.78	132.22
983956225	3509	-176.88	1,035.52
-633570063	3509	121.40	682.83
-1026285539	3511	-789.78	132.22
983956225	3539	-177.26	1,009.13
-633570063	3539	110.71	688.05
-1026285539	3541	-789.78	132.22
983956225	3570	-178.04	975.81
-633570063	3570	76.45	703.30
-1026285539	3571	-789.78	132.22
983956225	3600	-174.08	951.57
-633570063	3600	45.00	723.72
-1026285539	3602	-789.78	132.22
983956225	3629	-175.89	940.99
-633570063	3629	14.66	745.77
-1026285539	3630	-789.78	132.22
983956225	3659	-178.10	925.93
-633570063	3659	-18.45	763.37
-1026285539	3661	-789.78	132.22
983956225	3689	-182.15	913.15
-633570063	3689	-39.76	780.02
-1026285539	3690	-789.78	132.22
983956225	3720	-193.45	902.55
-633570063	3720	-72.24	798.77
-1026285539	3721	-789.78	132.22
983956225	3750	-201.04	895.81
-633570063	3750	-104.38	818.09
-1026285539	3751	-789.78	132.22
983956225	3779	-214.84	880.28
-633570063	3779	-135.47	839.06
-1026285539	3781	-789.78	132.22
983956225	3809	-224.27	860.37
-633570063	3809	-147.75	853.48
-1026285539	3811	-789.78	132.22
983956225	3839	-221.97	840.44
-633570063	3839	-151.48	883.54
-1026285539	3841	-789.78	132.22
983956225	3870	-211.63	804.39
-633570063	3870	-155.01	911.98
-1026285539	3870	-789.78	132.22
983956225	3900	-187.03	776.09
-633570063	3900	-159.03	944.42
-1026285539	3902	-789.78	132.22
983956225	3929	-154.55	757.34
-633570063	3929	-162.66	973.62
-1026285539	3931	-789.78	132.22
983956225	3959	-117.20	754.07
-633570063	3959	-166.25	1,002.62
-1026285539	3961	-789.78	132.22
983956225	3989	-80.66	762.51
-633570063	3989	-169.65	1,029.96
-1026285539	3990	-789.78	132.22
983956225	4020	-48.18	781.26
-633570063	4020	-173.64	1,062.14
-1026285539	4021	-789.78	132.22
983956225	4050	-15.38	799.44
-633570063	4050	-176.40	1,084.42
-1026285539	4050	-789.78	132.22
983956225	4079	16.42	819.31
-633570063	4079	-176.40	1,084.42
-1026285539	4081	-789.78	132.22
983956225	4109	50.41	835.16
-633570063	4109	-176.40	1,084.42
-1026285539	4111	-789.78	132.22
983956225	4139	84.39	851.00
-633570063	4139	-176.40	1,084.42
-1026285539	4141	-789.78	132.22
983956225	4170	109.02	859.48
-633570063	4170	-176.40	1,084.42
-1026285539	4171	-789.78	132.22
983956225	4200	145.83	866.64
-633570063	4200	-176.40	1,084.42
-1026285539	4202	-789.78	132.22
983956225	4229	182.51	874.44
-633570063	4229	-176.40	1,084.42
-1026285539	4230	-789.78	132.22
983956225	4259	218.56	884.77
-633570063	4259	-176.40	1,084.42
-1026285539	4261	-789.78	132.22
983956225	4289	254.42	895.74
-633570063	4289	-176.40	1,084.42
-1026285539	4290	-789.78	132.22
983956225	4320	284.22	906.58
-633570063	4320	-176.40	1,084.42
-1026285539	4321	-789.78	132.22
983956225	4350	308.59	917.95
-633570063	4350	-176.40	1,084.42
-1026285539	4352	-789.78	132.22
983956225	4379	310.60	919.06
-633570063	4379	-176.40	1,084.42
-1026285539	4380	-789.78	132.22
983956225	4409	346.65	929.40
-633570063	4409	-176.40	1,084.42
-1026285539	4411	-789.78	132.22
983956225	4439	382.70	939.74
-633570063	4439	-176.48	1,080.93
-1026285539	4440	-789.78	132.22
983956225	4470	419.38	947.53
-633570063	4470	-177.10	1,052.22
-1026285539	4471	-789.78	132.22
983956225	4500	456.88	947.53
-633570063	4500	-177.76	1,021.71
-1026285539	4502	-789.78	132.22
983956225	4529	493.26	938.46
-633570063	4529	-178.32	995.64
-1026285539	4530	-789.78	132.22
983956225	4559	530.74	939.77
-633570063	4559	-179.05	961.82
-1026285539	4561	-789.78	132.22
983956225	4589	568.24	940.42
-633570063	4589	-179.67	933.19
-1026285539	4590	-789.78	132.22
983956225	4620	586.55	939.46
-633570063	4620	-180.34	901.94
-1026285539	4621	-789.78	132.22
-633570063	4650	-180.98	872.48
-1026285539	4652	-789.78	132.22
-633570063	4679	-181.56	845.73
-1026285539	4680	-789.78	132.22
-633570063	4709	-181.75	837.00
-1026285539	4711	-789.78	132.22
-633570063	4739	-195.13	809.56
-1026285539	4740	-789.78	132.22
-633570063	4770	-224.27	785.96
-1026285539	4771	-789.78	132.22
-633570063	4800	-259.94	774.38
-1026285539	4801	-789.78	132.22
-633570063	4829	-297.16	769.81
-1026285539	4831	-789.78	132.22
-633570063	4859	-334.61	767.84
-1026285539	4861	-789.78	132.22
-633570063	4889	-371.64	761.98
-1026285539	4890	-789.78	132.22
-633570063	4920	-408.18	753.54
-1026285539	4920	-789.78	132.22
-633570063	4950	-444.04	742.58
-1026285539	4951	-789.78	132.22
-633570063	4979	-479.91	731.61
-1026285539	4981	-789.78	132.22
-633570063	5009	-517.04	736.83
-1026285539	5010	-789.78	132.22
-633570063	5039	-552.50	749.04
-1026285539	5041	-789.78	132.22
-633570063	5070	-586.76	764.29
-1026285539	5070	-789.78	132.22
-633570063	5100	-616.71	786.86
-1026285539	5101	-789.78	132.22
-633570063	5129	-647.04	808.90
-1026285539	5130	-789.78	132.22
-633570063	5159	-682.05	822.34
-1026285539	5161	-789.78	132.22
-633570063	5189	-702.46	826.02
-1026285539	5190	-789.78	132.22
-633570063	5219	-731.29	820.76
-1026285539	5221	-789.78	132.22
-633570063	5250	-758.74	815.75
-1026285539	5250	-789.78	132.22
-633570063	5279	-790.58	809.95
-1026285539	5281	-789.78	132.22
-633570063	5309	-817.31	805.07
-1026285539	5311	-789.78	132.22
-633570063	5339	-895.41	800.35
-1026285539	5341	-789.78	132.22
-633570063	5369	-895.41	800.35
-1026285539	5370	-789.78	132.22
-633570063	5400	-895.41	800.35
-1026285539	5401	-789.78	132.22
-633570063	5429	-895.41	800.35
-1026285539	5430	-789.78	132.22
-633570063	5459	-895.41	800.35
-1026285539	5461	-789.78	132.22
-633570063	5489	-895.41	800.35
-1026285539	5491	-789.78	132.22
-633570063	5519	-895.41	800.35
-1026285539	5521	-789.78	132.22
-633570063	5550	-895.41	800.35
-1026285539	5551	-789.78	132.22
-633570063	5579	-895.41	800.35
-1026285539	5581	-789.78	132.22
-633570063	5609	-895.41	800.35
-1026285539	5611	-789.78	132.22
-633570063	5639	-895.41	800.35
-1026285539	5640	-789.78	132.22
